$ 1 0.000005 14.235633750745258 53 5 43 5e-11
c 112 144 112 192 0 0.000009999999999999999 1.47355804315192 0.001
g 112 240 112 272 0 0
w 112 192 112 240 0
w 112 144 112 112 0
w 112 112 192 112 0
a 208 176 304 176 8 5 -5 1000000 1.47355804315192 2.451509016521541 100000
w 192 112 192 160 0
w 192 160 208 160 0
w 208 192 192 192 0
w 192 192 192 256 0
r 208 112 304 112 0 1000
r 192 256 192 352 0 1000
g 192 352 192 384 0 0
w 304 240 304 176 0
w 304 176 304 144 0
p 304 176 352 176 1 0 0
p 112 112 64 112 1 0 0
x -349 82 13 85 4 24 HKN\sDeCal\sAnalog\sCircuits\sDemo
x -348 112 -165 115 4 20 Relaxation\sOscillator
x -348 161 -127 164 4 11 Contributors:\sRohin\sTangirala\s(Revised\sSp21)
w 192 112 208 112 0
174 192 256 288 256 1 2000 0.5198 Resistance
w 240 240 304 240 0
g 288 256 288 272 0 0
w 304 112 304 144 0
p 192 256 144 256 1 0 0
o 16 64 0 4098 5 0.1 0 3 11 0 11 3
o 15 64 0 4106 10 0.1 1 1
